date	ln_rSalesGoods	resid_rCIPI	ln_rGDP	ln_rISratio
1947q1	4.0859761	.0028233838	7.5675893	1.3896501
1947q2	4.0893321	-.001945118	7.5664563	1.3913069
1947q3	4.1042948	-.0075301477	7.5654383	1.3717502
1947q4	4.1157799	-.0012578572	7.5810595	1.372331
1948q1	4.1206617	.0062607285	7.5956564	1.3805964
1948q2	4.1190372	.011845871	7.6117687	1.3956006
1948q3	4.1174097	.013814832	7.6173439	1.4136053
1948q4	4.1190372	.010604514	7.618413	1.4241852
1949q1	4.1190372	-.0010781086	7.6046562	1.4237938
1949q2	4.1335654	-.009391401	7.6012964	1.3926841
1949q3	4.1367655	-.0020584981	7.612237	1.389086
1949q4	4.1478853	-.0093534384	7.6032262	1.3574462
1950q1	4.1682143	.0038613214	7.6423125	1.348033
1950q2	4.1987047	.005489944	7.6721025	1.3350801
1950q3	4.2556129	.0069614029	7.709919	1.2946301
1950q4	4.2209773	.022490071	7.7290473	1.3815106
1951q1	4.2384448	.013563283	7.7426372	1.3931253
1951q2	4.215086	.019608246	7.7598348	1.4589242
1951q3	4.2413268	.012510826	7.7802229	1.4601196
1951q4	4.2598591	.0052969283	7.782434	1.4515609
1952q1	4.2598591	.0065884716	7.7929502	1.4630723
1952q2	4.2668962	-.0015758486	7.7950358	1.4465064
1952q3	4.2470655	.0072428468	7.8022423	1.4765195
1952q4	4.2959237	.0070314147	7.8345346	1.4419378
1953q1	4.3201513	.0055625569	7.8529725	1.4270099
1953q2	4.3254561	.0054135201	7.8607469	1.4340763
1953q3	4.3241324	.0032905191	7.8551269	1.4404312
1953q4	4.3174882	-.0028357559	7.8398352	1.4363536
1954q1	4.3148179	-.0025345006	7.8352008	1.4310658
1954q2	4.3267779	-.0040655122	7.836247	1.4094715
1954q3	4.3372908	-.0032066246	7.847527	1.390859
1954q4	4.361824	-.0011655153	7.8668265	1.3656751
1955q1	4.388257	.0046092607	7.8949761	1.3515357
1955q2	4.4164281	.0067143273	7.9111233	1.3408952
1955q3	4.4308167	.0060390239	7.9244804	1.3418697
1955q4	4.4296255	.0082956627	7.9304805	1.362473
1956q1	4.4260435	.0070079481	7.9266143	1.3832995
1956q2	4.4355674	.0048139393	7.9348259	1.3868866
1956q3	4.4391155	.0037323544	7.9340076	1.394232
1956q4	4.4520192	.0032476832	7.9502339	1.3909456
1957q1	4.4636068	.0017406755	7.9566579	1.3839875
1957q2	4.4543471	.0025123951	7.9544377	1.3984298
1957q3	4.4624538	.0036429847	7.9641304	1.3963361
1957q4	4.4473462	-.0033958808	7.9538264	1.4034185
1958q1	4.417635	-.0043573393	7.9275603	1.4168832
1958q2	4.4127984	-.0037768541	7.9341364	1.406691
1958q3	4.4296255	.0018870009	7.9569926	1.3877832
1958q4	4.4566703	.0048692604	7.980114	1.3693299
1959q1	4.4863868	.0038729846	7.9985466	1.3516353
1959q2	4.5020294	.0096470593	8.0225725	1.3627375
1959q3	4.5141506	.0011295108	8.0206451	1.357967
1959q4	4.5020294	.0056084958	8.0245686	1.3862944
1960q1	4.5261269	.013845383	8.0466013	1.3916911
1960q2	4.5315237	.0039168503	8.042799	1.3927321
1960q3	4.5304465	.0055418713	8.0452862	1.4025941
1960q4	4.5293684	-.0064183017	8.0331068	1.3889877
1961q1	4.5304465	-.0029207559	8.0398836	1.3795366
1961q2	4.5347476	.0024931424	8.058301	1.3787553
1961q3	4.5475411	.0082036331	8.0748377	1.3812499
1961q4	4.5736794	.0066563427	8.094902	1.3672808
1962q1	4.5839467	.010389209	8.1127539	1.3778317
1962q2	4.5991521	.0064195669	8.1234703	1.376183
1962q3	4.6081657	.0074684988	8.1329508	1.3822984
1962q4	4.6121459	.0043979422	8.1368246	1.3860461
1963q1	4.6220274	.008607381	8.1478901	1.3885043
1963q2	4.6443911	.0055796569	8.1608419	1.3778453
1963q3	4.6634393	.0065023364	8.1801748	1.3744318
1963q4	4.6746964	.0047037341	8.1872864	1.3740934
1964q1	4.7022967	.0049168705	8.2086849	1.3600919
1964q2	4.7131271	.0046604341	8.2205057	1.3624486
1964q3	4.7309213	.0055159349	8.2339973	1.3594831
1964q4	4.729156	.0052575823	8.2375374	1.3747438
1965q1	4.7510004	.01185465	8.2619009	1.3776138
1965q2	4.7672892	.0083895093	8.2754793	1.3773257
1965q3	4.7891569	.0092729563	8.2955866	1.3731046
1965q4	4.8210878	.0072648004	8.3188963	1.3549875
1966q1	4.8457608	.012513802	8.3432903	1.3565724
1966q2	4.8362818	.011963503	8.3473768	1.3936088
1966q3	4.8457608	.010541754	8.354475	1.4074911
1966q4	4.8410325	.01445955	8.3630114	1.4434747
1967q1	4.8402424	.013388701	8.3721504	1.4687665
1967q2	4.8551502	.0058184545	8.3730268	1.4611113
1967q3	4.8574843	.0077952407	8.3816223	1.4734838
1967q4	4.8644528	.0075143389	8.3896399	1.4825861
1968q1	4.8850722	.0067260596	8.4097433	1.4712092
1968q2	4.893352	.011662021	8.4264898	1.4789432
1968q3	4.9119191	.0062753926	8.4336662	1.4719251
1968q4	4.9155917	.005180792	8.4381075	1.4811713
1969q1	4.9330339	.0085970582	8.453537	1.4786199
1969q2	4.9294252	.0071474891	8.4567385	1.4941463
1969q3	4.9337544	.0082169883	8.4629784	1.5068733
1969q4	4.9258032	.0044487636	8.4586039	1.5259302
1970q1	4.927978	.00080793008	8.45683	1.5237554
1970q2	4.9221683	.0037680189	8.4585981	1.5360131
1970q3	4.9323134	.0037536137	8.4674177	1.53523
1970q4	4.9243507	-.0031250992	8.457078	1.5422602
1971q1	4.940928	.0087513439	8.4835014	1.5389633
1971q2	4.94876	.007396407	8.489192	1.539837
1971q3	4.9614449	.0069699818	8.4969807	1.5375898
1971q4	4.9739714	-.00039791473	8.499897	1.5273184
1972q1	4.9897523	.0024534627	8.5176802	1.516032
1972q2	5.0139632	.0079066958	8.5405731	1.5042988
1972q3	5.0251956	.0083882902	8.5497475	1.5085934
1972q4	5.0613284	.0032928421	8.5662165	1.4828712
1973q1	5.0949764	.0052884575	8.5905371	1.4660543
1973q2	5.0962014	.010285655	8.6018105	1.4795717
1973q3	5.0943637	.0048993672	8.5963621	1.4890457
1973q4	5.0912933	.011355647	8.6056433	1.5149515
1974q1	5.0863609	.0055434294	8.5973015	1.5345119
1974q2	5.0807829	.0072606136	8.5999269	1.5545071
1974q3	5.0707893	.0023302573	8.5901985	1.5686944
1974q4	5.0310912	.0087185493	8.5861902	1.6315304
1975q1	5.0343518	-.003487658	8.5740356	1.6146327
1975q2	5.0414877	-.0060546556	8.5817108	1.5936711
1975q3	5.0606947	-.00095936994	8.5981016	1.5727555
1975q4	5.0751739	.000061927574	8.6114931	1.5569597
1976q1	5.0974245	.0061780647	8.6338234	1.5466257
1976q2	5.0998664	.0092610782	8.6413507	1.5624998
1976q3	5.1041255	.0083145574	8.6464224	1.5718237
1976q4	5.1215801	.002995535	8.6539001	1.5635314
1977q1	5.1316724	.0050543169	8.6654682	1.564621
1977q2	5.1579051	.0074234423	8.6849051	1.5477339
1977q3	5.1682086	.012894388	8.7024412	1.5553834
1977q4	5.1789708	.0067266263	8.7025461	1.5538359
1978q1	5.1693468	.0080284039	8.7060194	1.5794126
1978q2	5.233779	.007566181	8.7441635	1.5290663
1978q3	5.2459707	.0076410123	8.7538948	1.5271095
1978q4	5.2652774	.0089690555	8.7672186	1.5245948
1979q1	5.2642436	.0067677586	8.7692032	1.5358152
1979q2	5.2606153	.0076549342	8.7704134	1.5517296
1979q3	5.2887721	.002780688	8.7775679	1.5259905
1979q4	5.2887721	.0019907427	8.7801533	1.5300428
1980q1	5.2882671	.0021962749	8.7833824	1.5357804
1980q2	5.2470241	.0019119728	8.7628927	1.5827696
1980q3	5.2663107	-.0081518609	8.7613764	1.5537058
1980q4	5.2776041	-.0022914798	8.7797394	1.5406637
1981q1	5.2862449	.0092857732	8.8002234	1.5453851
1981q2	5.2816796	.0023214752	8.7928944	1.5503817
1981q3	5.2826958	.0095509104	8.8043041	1.5620129
1981q4	5.270432	.0048811808	8.7925692	1.5811759
1982q1	5.2585363	-.0046029631	8.7756996	1.583079
1982q2	5.2543654	-.00090449536	8.7811327	1.5836109
1982q3	5.2321777	.0010116703	8.7775249	1.6041892
1982q4	5.2475505	-.0087087303	8.7784996	1.5717016
1983q1	5.256453	-.008024239	8.7915125	1.5514818
1983q2	5.2765827	-.0012437644	8.8140755	1.5333391
1983q3	5.3018112	-.00042220671	8.8334656	1.5183142
1983q4	5.3332019	.004353805	8.853878	1.4986439
1984q1	5.3428125	.013761501	8.8735514	1.5128069
1984q2	5.3687758	.012701144	8.8909626	1.5088295
1984q3	5.3785138	.013137233	8.9007521	1.5211084
1984q4	5.3990674	.008156321	8.9086971	1.5144712
1985q1	5.4165449	.0024781663	8.9185896	1.4992779
1985q2	5.4223032	.0036023939	8.9277029	1.4989603
1985q3	5.4380794	.0029804383	8.94314	1.4863364
1985q4	5.4367743	.0054597771	8.950614	1.496259
1986q1	5.4497499	.0047955308	8.9598398	1.4919235
1986q2	5.4531822	.0023146651	8.9644194	1.4941785
1986q3	5.4718504	-.0013104673	8.9744349	1.473971
1986q4	5.4756265	-.0011034748	8.979599	1.4681716
1987q1	5.4604363	.005031107	8.9865675	1.4950612
1987q2	5.4810557	.0027823504	8.9977303	1.4829856
1987q3	5.5008502	-.00023688054	9.0067587	1.464136
1987q4	5.4971681	.010283511	9.0231295	1.4890285
1988q1	5.5154428	.0022274645	9.0287371	1.4769293
1988q2	5.5329943	.0030524987	9.0418634	1.4689798
1988q3	5.5318074	.0025255366	9.0476189	1.4780533
1988q4	5.5459585	.0034260594	9.0607786	1.4752148
1989q1	5.5514078	.0067338399	9.0708151	1.4810396
1989q2	5.5633702	.0051064463	9.0786476	1.4780413
1989q3	5.581615	.001394201	9.0860853	1.463726
1989q4	5.5729141	.0020208547	9.0881987	1.4776419
1990q1	5.5891194	.0018332413	9.0990877	1.4645525
1990q2	5.5774632	.0045897313	9.1029472	1.4854995
1990q3	5.575191	.0029983635	9.1031942	1.4924695
1990q4	5.564137	-.0014139625	9.0946331	1.499339
1991q1	5.551796	-.0022427063	9.0899296	1.5073918
1991q2	5.5576	-.0026390115	9.0976601	1.4965905
1991q3	5.5576	.00011115275	9.1024494	1.4996954
1991q4	5.5506315	.0038711678	9.1068048	1.5128449
1992q1	5.570251	.0002882577	9.1185484	1.4915978
1992q2	5.5793524	.002748888	9.1295147	1.4854066
1992q3	5.5891194	.002495541	9.1391888	1.4794782
1992q4	5.6028566	.0028350984	9.1491594	1.4707521
1993q1	5.5987921	.0048973686	9.151022	1.4854342
1993q2	5.6131282	.0032787058	9.156951	1.4784476
1993q3	5.6204009	.00021535678	9.1618156	1.4757408
1993q4	5.6419072	.0017874826	9.1750765	1.4586974
1994q1	5.647212	.0056331954	9.1848335	1.4602133
1994q2	5.6580877	.010081832	9.1984081	1.4647791
1994q3	5.6705704	.0062314202	9.2042875	1.4623265
1994q4	5.6862969	.0086843241	9.2155781	1.462913
1995q1	5.6920471	.007225581	9.2189903	1.472209
1995q2	5.6960864	.0040939259	9.2224789	1.4786381
1995q3	5.7134027	.0009201318	9.2310028	1.4681132
1995q4	5.726522	.0014705302	9.2380772	1.4595467
1996q1	5.7378616	.00019649581	9.2446156	1.4494174
1996q2	5.7589016	.002820519	9.2619247	1.4324523
1996q3	5.768321	.0061979168	9.2711325	1.4300122
1996q4	5.7899604	.0035646085	9.2816429	1.414858
1997q1	5.800909	.0047675944	9.2892351	1.4148453
1997q2	5.8084426	.010380461	9.3042088	1.4262394
1997q3	5.8345184	.0073221903	9.3168612	1.4129183
1997q4	5.8383136	.0084572695	9.3245907	1.4245256
1998q1	5.8464389	.011423404	9.3344364	1.4374214
1998q2	5.8667512	.004359026	9.3440886	1.4258581
1998q3	5.8836007	.005848051	9.3570852	1.4198384
1998q4	5.9105258	.0060699885	9.3733673	1.4044931
1999q1	5.9153929	.00828241	9.381321	1.4157326
1999q2	5.9333057	.0037974284	9.389534	1.4049325
1999q3	5.9459438	.0042683505	9.4020405	1.4020641
1999q4	5.9589415	.0087993443	9.4192495	1.4064919
2000q1	5.9730458	.0019137787	9.4221478	1.3988206
2000q2	5.9824238	.0087086679	9.4408588	1.4052855
2000q3	5.9877076	.0054786522	9.4420614	1.4107115
2000q4	5.9904642	.0050624544	9.4477291	1.4165502
2001q1	5.9927139	-.0029878786	9.4448814	1.4076624
2001q2	5.9959545	-.0010061515	9.4501686	1.4029542
2001q3	5.9884601	-.0029031755	9.4470005	1.4046184
2001q4	6.0006719	-.0076073008	9.4497719	1.3781488
2002q1	5.9934626	-.00029981069	9.4589376	1.3843589
2002q2	5.9899635	.0020571991	9.4644403	1.3934669
2002q3	5.9934626	.0025082876	9.4692965	1.3954836
2002q4	5.9869542	.0027143653	9.4699326	1.4076002
2003q1	5.9971981	.0027959114	9.4750996	1.4024446
2003q2	6.0127368	-.000015054017	9.4843359	1.3870283
2003q3	6.0476084	.00056686957	9.5009451	1.3532563
2003q4	6.0577202	.0034529562	9.5125694	1.3505678
2004q1	6.058188	.0041619497	9.5183039	1.3577693
2004q2	6.06425	.0060100015	9.5256071	1.3615247
2004q3	6.0774131	.0051659099	9.5346556	1.3576711
2004q4	6.0867748	.0054943268	9.5432615	1.3586428
2005q1	6.0998702	.0079563819	9.5538645	1.3623445
2005q2	6.117877	.0023360399	9.5590725	1.3489226
2005q3	6.1279602	.0012751095	9.5674381	1.3409524
2005q4	6.1242456	.0066388492	9.5731373	1.3578169
2006q1	6.1488957	.0054334919	9.5850792	1.3439205
2006q2	6.1459007	.005820842	9.5880632	1.3594813
2006q3	6.1418223	.0056437603	9.5889568	1.3755355
2006q4	6.1546459	.0028229449	9.5967541	1.3689976
2007q1	6.1537962	.0013339209	9.5973711	1.3720597
2007q2	6.1609964	.0033432087	9.6049919	1.372002
2007q3	6.1675167	.0033710506	9.6116953	1.3724145
2007q4	6.1744108	.0015334536	9.6152573	1.3687565
2008q1	6.1609964	-.0013557923	9.608408	1.3801562
2008q2	6.1704473	-.0017610391	9.6133595	1.3668762
2008q3	6.1546459	-.0013892081	9.6085558	1.3792619
2008q4	6.1050162	-.0045975493	9.5871992	1.4194369
2009q1	6.0860925	-.0099450313	9.573247	1.4187393
2009q2	6.0833597	-.013070135	9.5718927	1.3950925
2009q3	6.0910835	-.014112148	9.5751553	1.3584726
2009q4	6.0829034	-.0033985293	9.5847893	1.3594719
2010q1	6.0838156	.0006745694	9.5891085	1.3604913
2010q2	6.0940213	.0033181552	9.5987225	1.3582072
2010q3	6.0919886	.0078933937	9.6054497	1.3784636
2010q4	6.1145668	.0039032584	9.6117306	1.3656924
2011q1	6.11058	.0016873404	9.6078606	1.3732266
2011q2	6.1187577	.0038540056	9.6151085	1.373278
2011q3	6.1346989	-.00086643652	9.6172142	1.3551605
2011q4	6.1493225	.0053517041	9.6284094	1.3513726
2012q1	6.1668873	.0036791384	9.6350222	1.3428861
2012q2	6.176075	.0050173276	9.639679	1.3462169
2012q3	6.1791883	.0046109525	9.6408758	1.3562154
2012q4	6.189085	.0010065975	9.6410999	1.3510052
2013q1	6.2033448	.0032154289	9.6480713	1.343207
2013q2	6.2075834	.0034016767	9.6499853	1.3451786
2013q3	6.2160072	.0070259124	9.6576729	1.349838
2013q4	6.2353907	.0066091814	9.6673813	1.342499
2014q1	6.232841	.0020216745	9.6644077	1.3496939
2014q2	6.2488165	.0034855136	9.6741238	1.341278
2014q3	6.2668209	.0041703018	9.6862297	1.3320795
2014q4	6.2689071	.0047750636	9.691947	1.3402613
2015q1	6.2639694	.0070875087	9.6970158	1.3596724
2015q2	6.2768316	.0057630106	9.7034607	1.358714
2015q3	6.2876725	.0043318775	9.7083769	1.3567681
2015q4	6.2874866	.0034635526	9.7105503	1.364489
2016q1	6.2911987	.0024700309	9.7126293	1.3663676
2016q2	6.2985816	-.00057058292	9.7161427	1.3582286
