ln_rSalesGoods	ln_rGDP	ln_rInventory
4.0859761	7.5675893	5.4756265
4.0893321	7.5664563	5.480639
4.1042948	7.5654383	5.4760451
4.1157799	7.5810595	5.488111
4.1206617	7.5956564	5.5012584
4.1190372	7.6117687	5.5146375
4.1174097	7.6173439	5.5310149
4.1190372	7.618413	5.5432224
4.1190372	7.6046562	5.5428309
4.1335654	7.6012964	5.5262494
4.1367655	7.612237	5.5258512
4.1478853	7.6032262	5.5053315
4.1682143	7.6423125	5.5162473
4.1987047	7.6721025	5.5337849
4.2556129	7.709919	5.5502429
4.2209773	7.7290473	5.6024876
4.2384448	7.7426372	5.6315703
4.215086	7.7598348	5.6740103
4.2413268	7.7802229	5.7014465
4.2598591	7.782434	5.7114201
4.2598591	7.7929502	5.7229314
4.2668962	7.7950358	5.7134027
4.2470655	7.8022423	5.7235851
4.2959237	7.8345346	5.7378616
4.3201513	7.8529725	5.7471614
4.3254561	7.8607469	5.7595325
4.3241324	7.8551269	5.764564
4.3174882	7.8398352	5.7538419
4.3148179	7.8352008	5.7458835
4.3267779	7.836247	5.7362494
4.3372908	7.847527	5.7281499
4.361824	7.8668265	5.727499
4.388257	7.8949761	5.7397928
4.4164281	7.9111233	5.7573233
4.4308167	7.9244804	5.7726865
4.4296255	7.9304805	5.7920985
4.4260435	7.9266143	5.8093429
4.4355674	7.9348259	5.822454
4.4391155	7.9340076	5.8333478
4.4520192	7.9502339	5.8429646
4.4636068	7.9566579	5.8475943
4.4543471	7.9544377	5.852777
4.4624538	7.9641304	5.8587899
4.4473462	7.9538264	5.8507648
4.417635	7.9275603	5.8345184
4.4127984	7.9341364	5.8194895
4.4296255	7.9569926	5.8174086
4.4566703	7.980114	5.8260002
4.4863868	7.9985466	5.8380218
4.5020294	8.0225725	5.8647671
4.5141506	8.0206451	5.872118
4.5020294	8.0245686	5.8883238
4.5261269	8.0466013	5.9178181
4.5315237	8.042799	5.9242558
4.5304465	8.0452862	5.9330406
4.5293684	8.0331068	5.9183559
4.5304465	8.0398836	5.9099832
4.5347476	8.058301	5.9135032
4.5475411	8.0748377	5.928791
4.5736794	8.094902	5.9409604
4.5839467	8.1127539	5.9617782
4.5991521	8.1234703	5.9753351
4.6081657	8.1329508	5.9904642
4.6121459	8.1368246	5.9981918
4.6220274	8.1478901	6.0105314
4.6443911	8.1608419	6.0222363
4.6634393	8.1801748	6.0378709
4.6746964	8.1872864	6.0487895
4.7022967	8.2086849	6.0623889
4.7131271	8.2205057	6.0755758
4.7309213	8.2339973	6.0904045
4.729156	8.2375374	6.1039
4.7510004	8.2619009	6.1286144
4.7672892	8.2754793	6.1446147
4.7891569	8.2955866	6.1622615
4.8210878	8.3188963	6.176075
4.8457608	8.3432903	6.202333
4.8362818	8.3473768	6.2298908
4.8457608	8.354475	6.2532516
4.8410325	8.3630114	6.2845073
4.8402424	8.3721504	6.3090086
4.8551502	8.3730268	6.3162618
4.8574843	8.3816223	6.3309679
4.8644528	8.3896399	6.3470387
4.8850722	8.4097433	6.3562813
4.893352	8.4264898	6.3722954
4.9119191	8.4336662	6.3838444
4.9155917	8.4381075	6.3967628
4.9330339	8.453537	6.411654
4.9294252	8.4567385	6.4235716
4.9337544	8.4629784	6.4406276
4.9258032	8.4586039	6.4517336
4.927978	8.45683	6.4517336
4.9221683	8.4585981	6.4581814
4.9323134	8.4674177	6.4675436
4.9243507	8.457078	6.4666114
4.940928	8.4835014	6.4798913
4.94876	8.489192	6.4885969
4.9614449	8.4969807	6.4990349
4.9739714	8.499897	6.5012898
4.9897523	8.5176802	6.505784
5.0139632	8.5405731	6.5182619
5.0251956	8.5497475	6.5337887
5.0613284	8.5662165	6.5441995
5.0949764	8.5905371	6.5610309
5.0962014	8.6018105	6.5757728
5.0943637	8.5963621	6.5834093
5.0912933	8.6056433	6.6062446
5.0863609	8.5973015	6.620873
5.0807829	8.5999269	6.6352901
5.0707893	8.5901985	6.6394835
5.0310912	8.5861902	6.6626215
5.0343518	8.5740356	6.6489844
5.0414877	8.5817108	6.635159
5.0606947	8.5981016	6.63345
5.0751739	8.6114931	6.6321335
5.0974245	8.6338234	6.6440501
5.0998664	8.6413507	6.6623659
5.1041255	8.6464224	6.6759491
5.1215801	8.6539001	6.6851115
5.1316724	8.6654682	6.6962934
5.1579051	8.6849051	6.7056389
5.1682086	8.7024412	6.7235918
5.1789708	8.7025461	6.7328067
5.1693468	8.7060194	6.7487597
5.233779	8.7441635	6.762845
5.2459707	8.7538948	6.7730803
5.2652774	8.7672186	6.7898722
5.2642436	8.7692032	6.8000588
5.2606153	8.7704134	6.812345
5.2887721	8.7775679	6.8147626
5.2887721	8.7801533	6.8188148
5.2882671	8.7833824	6.8240476
5.2470241	8.7628927	6.8297939
5.2663107	8.7613764	6.8200164
5.2776041	8.7797394	6.8182683
5.2862449	8.8002234	6.8316298
5.2816796	8.7928944	6.8320613
5.2826958	8.8043041	6.8447089
5.270432	8.7925692	6.8516083
5.2585363	8.7756996	6.8416157
5.2543654	8.7811327	6.8379765
5.2321777	8.7775249	6.8363667
5.2475505	8.7784996	6.819252
5.256453	8.7915125	6.8079348
5.2765827	8.8140755	6.8099217
5.3018112	8.8334656	6.8201256
5.3332019	8.853878	6.8318458
5.3428125	8.8735514	6.8556194
5.3687758	8.8909626	6.8776054
5.3785138	8.9007521	6.8996224
5.3990674	8.9086971	6.9135385
5.4165449	8.9185896	6.9158225
5.4223032	8.9277029	6.9212637
5.4380794	8.94314	6.9244156
5.4367743	8.950614	6.933033
5.4497499	8.9598398	6.9416733
5.4531822	8.9644194	6.9473605
5.4718504	8.9744349	6.9458213
5.4756265	8.979599	6.9437981
5.4604363	8.9865675	6.9554973
5.4810557	8.9977303	6.9640412
5.5008502	9.0067587	6.9649858
5.4971681	9.0231295	6.9861965
5.5154428	9.0287371	6.992372
5.5329943	9.0418634	7.0019741
5.5318074	9.0476189	7.0098605
5.5459585	9.0607786	7.0211735
5.5514078	9.0708151	7.0324478
5.5633702	9.0786476	7.0414119
5.581615	9.0860853	7.045341
5.5729141	9.0881987	7.0505562
5.5891194	9.0990877	7.0536723
5.5774632	9.1029472	7.0629625
5.575191	9.1031942	7.0676608
5.564137	9.0946331	7.0634761
5.551796	9.0899296	7.0591879
5.5576	9.0976601	7.0541906
5.5576	9.1024494	7.0572953
5.5506315	9.1068048	7.0634761
5.570251	9.1185484	7.0618486
5.5793524	9.1295147	7.0647593
5.5891194	9.1391888	7.0685978
5.6028566	9.1491594	7.0736089
5.5987921	9.151022	7.0842266
5.6131282	9.156951	7.0915756
5.6204009	9.1618156	7.0961418
5.6419072	9.1750765	7.1006045
5.647212	9.1848335	7.1074257
5.6580877	9.1984081	7.1228666
5.6705704	9.2042875	7.1328969
5.6862969	9.2155781	7.14921
5.6920471	9.2189903	7.1642561
5.6960864	9.2224789	7.1747241
5.7134027	9.2310028	7.1815157
5.726522	9.2380772	7.1860685
5.7378616	9.2446156	7.1872792
5.7589016	9.2619247	7.1913538
5.768321	9.2711325	7.1983333
5.7899604	9.2816429	7.2048182
5.800909	9.2892351	7.2157545
5.8084426	9.3042088	7.2346821
5.8345184	9.3168612	7.2474365
5.8383136	9.3245907	7.2628388
5.8464389	9.3344364	7.2838602
5.8667512	9.3440886	7.2926092
5.8836007	9.3570852	7.3034391
5.9105258	9.3733673	7.3150187
5.9153929	9.381321	7.3311257
5.9333057	9.389534	7.3382382
5.9459438	9.4020405	7.3480082
5.9589415	9.4192495	7.3654332
5.9730458	9.4221478	7.3718667
5.9824238	9.4408588	7.3877091
5.9877076	9.4420614	7.3984189
5.9904642	9.4477291	7.4070144
5.9927139	9.4448814	7.4003763
5.9959545	9.4501686	7.3989086
5.9884601	9.4470005	7.3930783
6.0006719	9.4497719	7.3788209
5.9934626	9.4589376	7.3778214
5.9899635	9.4644403	7.3834305
5.9934626	9.4692965	7.3889461
5.9869542	9.4699326	7.3945546
5.9971981	9.4750996	7.3996425
6.0127368	9.4843359	7.399765
6.0476084	9.5009451	7.4008651
6.0577202	9.5125694	7.408288
6.058188	9.5183039	7.4159575
6.06425	9.5256071	7.4257751
6.0774131	9.5346556	7.4350839
6.0867748	9.5432615	7.4454174
6.0998702	9.5538645	7.4622149
6.117877	9.5590725	7.4667993
6.1279602	9.5674381	7.4689126
6.1242456	9.5731373	7.4820628
6.1488957	9.5850792	7.492816
6.1459007	9.5880632	7.5053821
6.1418223	9.5889568	7.5173578
6.1546459	9.5967541	7.5236435
6.1537962	9.5973711	7.5258555
6.1609964	9.6049919	7.5329981
6.1675167	9.6116953	7.5399308
6.1744108	9.6152573	7.5431676
6.1609964	9.608408	7.5411525
6.1704473	9.6133595	7.5373235
6.1546459	9.6085558	7.5339074
6.1050162	9.5871992	7.5244532
6.0860925	9.573247	7.5048318
6.0833597	9.5718927	7.4784522
6.0910835	9.5751553	7.4495564
6.0829034	9.5847893	7.4423757
6.0838156	9.5891085	7.4443073
6.0940213	9.5987225	7.4522285
6.0919886	9.6054497	7.4704518
6.1145668	9.6117306	7.4802589
6.11058	9.6078606	7.4838066
6.1187577	9.6151085	7.4920359
6.1346989	9.6172142	7.4898591
6.1493225	9.6284094	7.5006952
6.1668873	9.6350222	7.5097737
6.176075	9.639679	7.5222921
6.1791883	9.6408758	7.5354033
6.189085	9.6410999	7.5400901
6.2033448	9.6480713	7.5465517
6.2075834	9.6499853	7.552762
6.2160072	9.6576729	7.565845
6.2353907	9.6673813	7.5778899
6.232841	9.6644077	7.5825348
6.2488165	9.6741238	7.5900941
6.2668209	9.6862297	7.5989003
6.2689071	9.691947	7.6091681
6.2639694	9.6970158	7.623642
6.2768316	9.7034607	7.6355453
6.2876725	9.7083769	7.6444407
6.2874866	9.7105503	7.6519756
6.2911987	9.7126293	7.6575661
6.2985816	9.7161427	7.6568103
